accuracy: 0.9552511415525115
precision: 0.4697986577181208
recall: 0.5753424657534246
f1: 0.5172413793103449
roc_auc: 0.9509492767221193
log_loss: 0.11940043117738236
mean_squared_error_rule: 0.03264880163661407
